# logA ns H0 ombh2 omch2 tau A_planck tau_ecf
2.203313487831282352e-04 -9.285149056566655210e-07 1.666157789996605319e-06 1.890149390409036636e-07 1.112390386272717075e-06 9.563055630896550490e-05 1.112661288816432065e-05 3.008906085956109195e-04
-9.285149056566655210e-07 1.118029093156035184e-05 -3.446320326987791801e-05 7.066228922997344595e-08 -1.029261199018530541e-06 1.266427803760823221e-06 3.541664225994734785e-07 -5.214075222175265905e-04
1.666157789996605319e-06 -3.446320326987791801e-05 3.739862464971828171e-01 7.909494094392929481e-06 2.024765242364112773e-05 -5.105260403495448561e-05 2.493717071072584194e-07 3.678965416273025091e-01
1.890149390409036636e-07 7.066228922997344595e-08 7.909494094392929481e-06 1.462010146141514172e-08 -2.231036787498028364e-08 7.313832864945981390e-08 1.352813686359648044e-08 -1.616163227279259049e-05
1.112390386272717075e-06 -1.029261199018530541e-06 2.024765242364112773e-05 -2.231036787498028364e-08 4.912055663162144709e-07 -7.097733322277025193e-08 -9.125179249915545570e-09 2.254372940989937647e-04
9.563055630896550490e-05 1.266427803760823221e-06 -5.105260403495448561e-05 7.313832864945981390e-08 -7.097733322277025193e-08 4.800444774580727125e-05 -3.169200602450915915e-07 -4.222240360383601774e-05
1.112661288816432065e-05 3.541664225994734785e-07 2.493717071072584194e-07 1.352813686359648044e-08 -9.125179249915545570e-09 -3.169200602450915915e-07 5.910946070960525262e-06 -7.036773651739886687e-05
3.008906085956109195e-04 -5.214075222175265905e-04 3.678965416273025091e-01 -1.616163227279258710e-05 2.254372940989937647e-04 -4.222240360383601774e-05 -7.036773651739886687e-05 5.307638105872729550e-01
